INFORMATION_NEED 13-2
precision 0,240
recall 0,800
F1 0,369
prec@10 0,700
average_precision 0,737
recall_precision
0,067	1,000
0,133	1,000
0,200	1,000
0,267	0,800
0,333	0,833
0,400	0,750
0,467	0,700
0,533	0,727
0,600	0,692
0,667	0,625
0,733	0,393
0,800	0,324
interpolated_recall_precision
0,000	1,000
0,100	1,000
0,200	1,000
0,300	0,833
0,400	0,750
0,500	0,727
0,600	0,692
0,700	0,393
0,800	0,324
0,900	0,000
1,000	0,000

INFORMATION_NEED 02-4
precision 0,040
recall 0,500
F1 0,074
prec@10 0,100
average_precision 0,522
recall_precision
0,250	1,000
0,500	0,043
interpolated_recall_precision
0,000	1,000
0,100	1,000
0,200	1,000
0,300	0,043
0,400	0,043
0,500	0,043
0,600	0,000
0,700	0,000
0,800	0,000
0,900	0,000
1,000	0,000

INFORMATION_NEED 07-2
precision 0,460
recall 0,852
F1 0,597
prec@10 1,000
average_precision 0,905
recall_precision
0,037	1,000
0,074	1,000
0,111	1,000
0,148	1,000
0,185	1,000
0,222	1,000
0,259	1,000
0,296	1,000
0,333	1,000
0,370	1,000
0,407	1,000
0,444	1,000
0,481	0,929
0,519	0,875
0,556	0,833
0,593	0,842
0,630	0,850
0,667	0,857
0,704	0,864
0,741	0,833
0,778	0,724
0,815	0,629
0,852	0,590
interpolated_recall_precision
0,000	1,000
0,100	1,000
0,200	1,000
0,300	1,000
0,400	1,000
0,500	0,875
0,600	0,864
0,700	0,864
0,800	0,629
0,900	0,000
1,000	0,000

INFORMATION_NEED 05-5
precision 0,020
recall 0,143
F1 0,035
prec@10 0,100
average_precision 0,333
recall_precision
0,143	0,333
interpolated_recall_precision
0,000	0,333
0,100	0,333
0,200	0,000
0,300	0,000
0,400	0,000
0,500	0,000
0,600	0,000
0,700	0,000
0,800	0,000
0,900	0,000
1,000	0,000

INFORMATION_NEED 09-3
precision 0,160
recall 0,167
F1 0,163
prec@10 0,300
average_precision 0,443
recall_precision
0,021	1,000
0,042	0,667
0,063	0,750
0,083	0,308
0,104	0,263
0,125	0,182
0,146	0,200
0,167	0,178
interpolated_recall_precision
0,000	1,000
0,100	0,263
0,200	0,000
0,300	0,000
0,400	0,000
0,500	0,000
0,600	0,000
0,700	0,000
0,800	0,000
0,900	0,000
1,000	0,000

TOTAL
precision 0,184
recall 0,492
F1 0,268
prec@10 0,440
MAP 0,588
interpolated_recall_precision
0,000	0,867
0,100	0,719
0,200	0,600
0,300	0,375
0,400	0,359
0,500	0,329
0,600	0,311
0,700	0,251
0,800	0,191
0,900	0,000
1,000	0,000
