INFORMATION_NEED 13-2
precision 0,400
recall 0,267
F1 0,320
prec@10 0,400
average_precision 0,715
recall_precision
0,067	1,000
0,133	0,667
0,200	0,750
0,267	0,444
interpolated_recall_precision
0,000	1,000
0,100	0,750
0,200	0,750
0,300	0,000
0,400	0,000
0,500	0,000
0,600	0,000
0,700	0,000
0,800	0,000
0,900	0,000
1,000	0,000

INFORMATION_NEED 02-4
precision 0,148
recall 1,000
F1 0,258
prec@10 0,400
average_precision 0,830
recall_precision
0,250	1,000
0,500	1,000
0,750	0,750
1,000	0,571
interpolated_recall_precision
0,000	1,000
0,100	1,000
0,200	1,000
0,300	1,000
0,400	1,000
0,500	1,000
0,600	0,750
0,700	0,750
0,800	0,571
0,900	0,571
1,000	0,571

INFORMATION_NEED 07-2
precision 0,420
recall 0,778
F1 0,545
prec@10 0,800
average_precision 0,763
recall_precision
0,037	0,500
0,074	0,667
0,111	0,750
0,148	0,800
0,185	0,714
0,222	0,750
0,259	0,778
0,296	0,800
0,333	0,818
0,370	0,769
0,407	0,786
0,444	0,800
0,481	0,813
0,519	0,824
0,556	0,833
0,593	0,800
0,630	0,810
0,667	0,783
0,704	0,792
0,741	0,714
0,778	0,724
interpolated_recall_precision
0,000	0,833
0,100	0,833
0,200	0,833
0,300	0,833
0,400	0,833
0,500	0,833
0,600	0,810
0,700	0,792
0,800	0,000
0,900	0,000
1,000	0,000

INFORMATION_NEED 05-5
precision 0,100
recall 0,714
F1 0,175
prec@10 0,400
average_precision 0,639
recall_precision
0,143	1,000
0,286	0,667
0,429	0,750
0,571	0,667
0,714	0,111
interpolated_recall_precision
0,000	1,000
0,100	1,000
0,200	0,750
0,300	0,750
0,400	0,750
0,500	0,667
0,600	0,111
0,700	0,111
0,800	0,000
0,900	0,000
1,000	0,000

INFORMATION_NEED 09-3
precision 0,320
recall 0,333
F1 0,327
prec@10 0,600
average_precision 0,562
recall_precision
0,021	0,500
0,042	0,667
0,063	0,750
0,083	0,667
0,104	0,714
0,125	0,750
0,146	0,636
0,167	0,615
0,188	0,643
0,208	0,667
0,229	0,550
0,250	0,429
0,271	0,342
0,292	0,359
0,313	0,375
0,333	0,327
interpolated_recall_precision
0,000	0,750
0,100	0,750
0,200	0,667
0,300	0,375
0,400	0,000
0,500	0,000
0,600	0,000
0,700	0,000
0,800	0,000
0,900	0,000
1,000	0,000

TOTAL
precision 0,278
recall 0,618
F1 0,383
prec@10 0,520
MAP 0,702
interpolated_recall_precision
0,000	0,917
0,100	0,867
0,200	0,800
0,300	0,592
0,400	0,517
0,500	0,500
0,600	0,334
0,700	0,331
0,800	0,114
0,900	0,114
1,000	0,114
